1 1e-07
10001 0.0003933
20001 0.0007697
30001 0.0012884
40001 0.002004
50001 0.002254
60001 0.0027984
70001 0.0033163
80001 0.0037935
90001 0.0044339
100001 0.004722
110001 0.0052329
120001 0.0055947
130001 0.00635
140001 0.0074001
150001 0.0076535
160001 0.0080114
170001 0.0087822
180001 0.0090153
190001 0.0094173
200001 0.0098027
210001 0.010625
220001 0.011399
230001 0.0119111
240001 0.0123509
250001 0.0130897
260001 0.0140876
270001 0.0139343
280001 0.0147113
290001 0.0154919
300001 0.0154399
310001 0.0160558
320001 0.0165001
330001 0.0185141
340001 0.0187685
350001 0.0191227
360001 0.0194476
370001 0.0206163
380001 0.0198873
390001 0.020386
400001 0.0220322
410001 0.0230135
420001 0.023541
430001 0.0231272
440001 0.0247918
450001 0.0249318
460001 0.0250982
470001 0.0250217
480001 0.0264642
490001 0.0264422
500001 0.027306
510001 0.0295125
520001 0.0297315
530001 0.0299175
540001 0.0310383
550001 0.0327338
560001 0.0322329
570001 0.0314646
580001 0.0334734
590001 0.0323511
600001 0.0345776
610001 0.0356916
620001 0.0362158
630001 0.0373179
640001 0.0382449
650001 0.0358037
660001 0.0369353
670001 0.0387803
680001 0.0427001
690001 0.0404683
700001 0.0411102
710001 0.0437455
720001 0.0435705
730001 0.0439555
740001 0.0433548
750001 0.0439856
760001 0.0445265
770001 0.0453085
780001 0.0455399
790001 0.0486873
800001 0.0468968
810001 0.0466799
820001 0.0467211
830001 0.0471434
840001 0.0479977
850001 0.0484269
860001 0.0506563
870001 0.0529366
880001 0.053229
890001 0.0516697
900001 0.0529659
910001 0.0531483
920001 0.0526012
930001 0.0549342
940001 0.0545144
950001 0.059064
960001 0.0606827
970001 0.061401
980001 0.0585266
990001 0.0642026
1000001 0.0631618
