1 8e-08
10001 9.078e-05
20001 0.00018424
30001 0.00029496
40001 0.00037912
50001 0.00050946
60001 0.00056896
70001 0.0006829
80001 0.0007933
90001 0.0009287
100001 0.0010294
110001 0.00119874
120001 0.0012492
130001 0.00137008
140001 0.00142892
150001 0.00156906
160001 0.00164588
170001 0.00194216
180001 0.00201664
190001 0.00206584
200001 0.00227324
210001 0.0035454
220001 0.00275072
230001 0.00241414
240001 0.0024532
250001 0.00284244
260001 0.0026895
270001 0.00281678
280001 0.00302102
290001 0.00323068
300001 0.00336032
310001 0.00359408
320001 0.0035674
330001 0.00525732
340001 0.003843
350001 0.00383422
360001 0.00399534
370001 0.00400208
380001 0.00422086
390001 0.0045178
400001 0.00462968
410001 0.00558708
420001 0.00530426
430001 0.004987
440001 0.00483808
450001 0.00503248
460001 0.00523756
470001 0.00519672
480001 0.00592758
490001 0.00572154
500001 0.00534768
510001 0.00550828
520001 0.00587598
530001 0.00591714
540001 0.00641526
550001 0.00684298
560001 0.00611506
570001 0.00623024
580001 0.00650072
590001 0.00696484
600001 0.0076288
610001 0.0071771
620001 0.0074237
630001 0.00727624
640001 0.00726064
650001 0.00831458
660001 0.0084276
670001 0.00811708
680001 0.0079766
690001 0.00871604
700001 0.00889102
710001 0.00826618
720001 0.00837522
730001 0.00899094
740001 0.009337
750001 0.00864316
760001 0.0088107
770001 0.00944212
780001 0.00990758
790001 0.00951352
800001 0.00971534
810001 0.00997208
820001 0.0101587
830001 0.00977612
840001 0.0100003
850001 0.0112207
860001 0.009801
870001 0.00973716
880001 0.010695
890001 0.0112842
900001 0.0103586
910001 0.0107107
920001 0.0112462
930001 0.0105586
940001 0.010695
950001 0.011438
960001 0.01125
970001 0.010703
980001 0.0117348
990001 0.0123033
1000001 0.0114015
