1 0.0038688
2 0.0311895
3 0.0424224
4 0.0486764
5 0.0511259
6 0.0523967
7 0.0552859
8 0.0548456
9 0.0547961
10 0.0580981
11 0.0575191
12 0.0565793
13 0.0569365
14 0.0577917
15 0.0568654
16 0.0612666
17 0.0586966
18 0.0596858
19 0.0575076
20 0.0571765
21 0.060935
22 0.0583298
23 0.0588599
24 0.0606947
25 0.0584976
26 0.0579802
27 0.0660292
28 0.0591434
29 0.059107
30 0.0582875
31 0.0602032
32 0.0580027
33 0.0579239
34 0.0582248
35 0.0626299
36 0.0667945
37 0.0586363
38 0.0600247
39 0.060729
40 0.0617624
41 0.061712
42 0.0606076
43 0.0585957
44 0.0586696
45 0.058513
46 0.0595236
47 0.0618476
48 0.0608755
49 0.0594664
50 0.0589535
51 0.0601233
52 0.0591119
53 0.0646188
54 0.0584574
55 0.0597038
56 0.0591636
57 0.0599786
58 0.0593241
59 0.0621635
60 0.0615181
61 0.061032
62 0.0612966
63 0.0633061
64 0.0616054
65 0.0591658
66 0.0627275
67 0.0617055
68 0.0620264
69 0.0605619
70 0.0606886
71 0.0614228
72 0.0619572
73 0.0594889
74 0.0636267
75 0.0622214
76 0.0623251
77 0.0608556
78 0.0597485
79 0.060311
80 0.0701113
81 0.0619305
82 0.0600265
83 0.0603637
84 0.0608695
85 0.0598944
86 0.0623075
87 0.064097
88 0.0628405
89 0.0618267
90 0.0636661
91 0.0619558
92 0.0644653
93 0.0620768
94 0.0604412
95 0.0602849
96 0.0616744
97 0.0618228
98 0.0616056
99 0.0603325
100 0.0603503
