1 1e-07
10001 0.0004182
20001 0.0008852
30001 0.0014599
40001 0.0021993
50001 0.0029507
60001 0.0036641
70001 0.0044197
80001 0.0052538
90001 0.0066765
100001 0.0064951
110001 0.007351
120001 0.0075492
130001 0.0090792
140001 0.0085762
150001 0.009156
160001 0.0099139
170001 0.0101945
180001 0.0110486
190001 0.0114905
200001 0.0120285
210001 0.0126853
220001 0.0132066
230001 0.014771
240001 0.0143392
250001 0.0147092
260001 0.0152525
270001 0.016108
280001 0.0168582
290001 0.0170497
300001 0.0177362
310001 0.0184188
320001 0.0203967
330001 0.019917
340001 0.0206692
350001 0.0208086
360001 0.021438
370001 0.0253428
380001 0.0224541
390001 0.0247189
400001 0.0245003
410001 0.0255432
420001 0.0253239
430001 0.0261382
440001 0.0265206
450001 0.0271688
460001 0.0288528
470001 0.0280133
480001 0.0285069
490001 0.0299878
500001 0.0294745
510001 0.0303064
520001 0.0325994
530001 0.0315778
540001 0.0323736
550001 0.0339475
560001 0.0334272
570001 0.035013
580001 0.0371317
590001 0.0355691
600001 0.0371847
610001 0.0383322
620001 0.0376793
630001 0.0380678
640001 0.0383579
650001 0.0393562
660001 0.0396293
670001 0.0420139
680001 0.0418251
690001 0.0415172
700001 0.0418724
710001 0.0427965
720001 0.0435384
730001 0.0439058
740001 0.044657
750001 0.0456812
760001 0.0454227
770001 0.0460118
780001 0.0469351
790001 0.0476492
800001 0.0521287
810001 0.0500254
820001 0.0509128
830001 0.0554011
840001 0.0528778
850001 0.0518871
860001 0.0524152
870001 0.0535462
880001 0.0542766
890001 0.0544225
900001 0.0550683
910001 0.0570465
920001 0.0589532
930001 0.0578926
940001 0.0580734
950001 0.0586765
960001 0.0599226
970001 0.060365
980001 0.0613473
990001 0.0618142
1000001 0.063815
