1 1e-07
10001 0.0007818
20001 0.001018
30001 0.0015473
40001 0.0020616
50001 0.0031108
60001 0.0033186
70001 0.0042915
80001 0.0046428
90001 0.0051974
100001 0.0058141
110001 0.0063833
120001 0.0072051
130001 0.007849
140001 0.0088156
150001 0.0092808
160001 0.0099161
170001 0.0109021
180001 0.0123365
190001 0.0129606
200001 0.0132582
210001 0.0138092
220001 0.0146187
230001 0.0153169
240001 0.0159288
250001 0.0165121
260001 0.0175737
270001 0.0186475
280001 0.0191023
290001 0.0201135
300001 0.0202106
310001 0.0213661
320001 0.0222723
330001 0.022893
340001 0.0399182
350001 0.0335421
360001 0.0253969
370001 0.0272025
380001 0.0278005
390001 0.0290289
400001 0.0288431
410001 0.02974
420001 0.0310224
430001 0.0316712
440001 0.0326569
450001 0.0331893
460001 0.0344166
470001 0.0348243
480001 0.0358298
490001 0.0394016
500001 0.0406958
510001 0.0401138
520001 0.0415648
530001 0.0411246
540001 0.0469636
550001 0.0413314
560001 0.0436632
570001 0.0439392
580001 0.0464749
590001 0.0575754
600001 0.0467017
610001 0.0512128
620001 0.0540098
630001 0.0655075
640001 0.049894
650001 0.0509347
660001 0.0533358
670001 0.0549742
680001 0.055366
690001 0.0574061
700001 0.0585494
710001 0.0574801
720001 0.0596547
730001 0.0605564
740001 0.0612213
750001 0.0655854
760001 0.0642695
770001 0.0650194
780001 0.066144
790001 0.0662221
800001 0.0688151
810001 0.0706482
820001 0.0693778
830001 0.070885
840001 0.0718177
850001 0.0798578
860001 0.0726299
870001 0.0730255
880001 0.076147
890001 0.0795287
900001 0.0794288
910001 0.0793844
920001 0.0797548
930001 0.0809587
940001 0.0811131
950001 0.0877788
960001 0.0859114
970001 0.084713
980001 0.0857182
990001 0.0878843
1000001 0.0919762
