1 2e-08
10001 0.00038134
20001 0.00082764
30001 0.00127858
40001 0.00210356
50001 0.00288876
60001 0.00366788
70001 0.00466646
80001 0.0053092
90001 0.00638908
100001 0.00691656
110001 0.00738786
120001 0.0079995
130001 0.00843398
140001 0.00975422
150001 0.00988984
160001 0.0102324
170001 0.0111413
180001 0.0125059
190001 0.0118004
200001 0.0130268
210001 0.0136679
220001 0.014169
230001 0.0143808
240001 0.0161939
250001 0.0153323
260001 0.0159389
270001 0.017009
280001 0.0170877
290001 0.0189508
300001 0.0188962
310001 0.020769
320001 0.0196499
330001 0.0214165
340001 0.0210161
350001 0.0221753
360001 0.0222567
370001 0.0242842
380001 0.0233552
390001 0.0254146
400001 0.0265719
410001 0.0259366
420001 0.0266224
430001 0.0281447
440001 0.0273694
450001 0.0286757
460001 0.0301608
470001 0.0310732
480001 0.0298166
490001 0.0319072
500001 0.0323958
510001 0.0344424
520001 0.0339528
530001 0.0334681
540001 0.0355261
550001 0.0360489
560001 0.0375638
570001 0.0375146
580001 0.0372078
590001 0.0380262
600001 0.0391277
610001 0.0393755
620001 0.0407866
630001 0.040837
640001 0.0414182
650001 0.0421268
660001 0.0433277
670001 0.0428943
680001 0.0441652
690001 0.0451675
700001 0.0450626
710001 0.0460731
720001 0.0476281
730001 0.0469023
740001 0.048403
750001 0.0490539
760001 0.0490996
770001 0.0503924
780001 0.0502752
790001 0.0521999
800001 0.0535021
810001 0.0536832
820001 0.0533611
830001 0.0539175
840001 0.0560787
850001 0.0550094
860001 0.0570241
870001 0.0575138
880001 0.0577567
890001 0.0594672
900001 0.0587266
910001 0.0611308
920001 0.0599597
930001 0.062838
940001 0.0616671
950001 0.0632774
960001 0.0632123
970001 0.0659724
980001 0.0655677
990001 0.0659428
1000001 0.0676184
