1 4e-08
10001 0.00016322
20001 0.00033868
30001 0.00052066
40001 0.00074478
50001 0.00091578
60001 0.00113446
70001 0.00131416
80001 0.0015452
90001 0.00174396
100001 0.00195276
110001 0.00226798
120001 0.00272052
130001 0.00255748
140001 0.00278656
150001 0.00300212
160001 0.00327794
170001 0.00341982
180001 0.00443398
190001 0.00426048
200001 0.00413532
210001 0.0043722
220001 0.00457742
230001 0.00486732
240001 0.00508766
250001 0.00535482
260001 0.00557522
270001 0.00637218
280001 0.00596062
290001 0.0061548
300001 0.0069201
310001 0.00741904
320001 0.00855336
330001 0.00721578
340001 0.0074432
350001 0.00776696
360001 0.00819016
370001 0.00878602
380001 0.0085462
390001 0.00888542
400001 0.00897616
410001 0.00980196
420001 0.00994868
430001 0.00951202
440001 0.00988646
450001 0.0106725
460001 0.0101831
470001 0.0104163
480001 0.0108792
490001 0.0114819
500001 0.0112778
510001 0.011667
520001 0.0125444
530001 0.011817
540001 0.0122056
550001 0.013258
560001 0.0128148
570001 0.0129955
580001 0.0139053
590001 0.0133221
600001 0.0138332
610001 0.0144387
620001 0.0142701
630001 0.0145776
640001 0.0159096
650001 0.0149779
660001 0.0160482
670001 0.0150884
680001 0.0163039
690001 0.0168769
700001 0.0165102
710001 0.0176311
720001 0.0171203
730001 0.0182693
740001 0.0180592
750001 0.0186752
760001 0.0188842
770001 0.0195316
780001 0.0181671
790001 0.0198197
800001 0.0193549
810001 0.020234
820001 0.0192922
830001 0.0207021
840001 0.020155
850001 0.0212819
860001 0.0203608
870001 0.021396
880001 0.0207962
890001 0.0222342
900001 0.021056
910001 0.0223004
920001 0.022326
930001 0.021984
940001 0.0235514
950001 0.022619
960001 0.0241089
970001 0.0239866
980001 0.0231457
990001 0.0249681
1000001 0.0248328
