1 0
10001 0.0005497
20001 0.0010265
30001 0.0016225
40001 0.0023316
50001 0.0029898
60001 0.0038653
70001 0.0042192
80001 0.004725
90001 0.0052721
100001 0.0059937
110001 0.0067779
120001 0.0072229
130001 0.0078168
140001 0.0083955
150001 0.0094477
160001 0.0096407
170001 0.0126797
180001 0.0109342
190001 0.011701
200001 0.0128002
210001 0.0134091
220001 0.0136547
230001 0.0145877
240001 0.0148899
250001 0.0157846
260001 0.0167149
270001 0.0169921
280001 0.0176375
290001 0.0183159
300001 0.0190143
310001 0.0199771
320001 0.020129
330001 0.0231851
340001 0.0229008
350001 0.0221623
360001 0.0230768
370001 0.023701
380001 0.024746
390001 0.0280261
400001 0.0260284
410001 0.0269212
420001 0.0277595
430001 0.0279105
440001 0.0291111
450001 0.0299071
460001 0.0304567
470001 0.0304803
480001 0.0315104
490001 0.0323085
500001 0.0329055
510001 0.0354812
520001 0.036443
530001 0.034711
540001 0.0362738
550001 0.0368391
560001 0.0374241
570001 0.0377847
580001 0.0391013
590001 0.0398107
600001 0.0406633
610001 0.0407298
620001 0.0416487
630001 0.0433618
640001 0.0432282
650001 0.0468921
660001 0.0447218
670001 0.047074
680001 0.0462883
690001 0.0495475
700001 0.0464868
710001 0.0474959
720001 0.0488698
730001 0.0511946
740001 0.0496511
750001 0.051274
760001 0.0516563
770001 0.0537151
780001 0.0540965
790001 0.0540931
800001 0.0568643
810001 0.0552085
820001 0.0571146
830001 0.0580997
840001 0.057799
850001 0.0588086
860001 0.0596957
870001 0.0594473
880001 0.0610014
890001 0.0618442
900001 0.0605987
910001 0.0632501
920001 0.0647889
930001 0.0657842
940001 0.064361
950001 0.0668791
960001 0.0667298
970001 0.0705016
980001 0.069681
990001 0.069244
1000001 0.0693834
